PYx = [1/2 1/4 1/4 0   0   0   0   0   0;
         0   0   0 1/4 1/4 1/2 0   0   0;
         0   0   0   0   0   0 1/4 1/2 1/4];
     
C = log2(3);